2
2 9
8 8
2 8
2 10
3 9
4 10
3 10
3 11
4 9
5 9
2 12
6 8
7 7
4 12
5 13
4 11
2 11
5 8
7 8
5 7
5 10
5 11
7 9
5 6
5 5
7 6
6 11
3 8
6 6
6 7
3 13
8 6
4 13
6 13
5 12
7 10
6 9
8 7
8 5
8 11
7 12
8 13
6 5
8 10
8 9
8 12
8 14
7 5
6 4
9 10
10 10
7 11
6 10
9 9
10 8
9 11
9 12
9 8
9 7
10 9
11 10
11 8
12 7
10 11
11 11
3 12
2 13
1 13
3 14
2 15
4 14
4 6
5 15
1 11
11 12
11 9
12 9
12 8
3 15
3 5
2 4
1 12
1 14
2 14
6 12
9 13
7 13
10 12
11 13
11 14
10 14
12 12
4 4
3 3
3 4
5 4
6 3
6 2
7 4
9 6
5 2
4 1
4 3
2 5
9 15
8 4
7 3
10 6
11 6
3 6
10 5
11 7
9 5
13 9
14 10
9 4
13 8
14 9
4 7
5 3
2 6
12 11
12 13
11 5
13 13
10 13
8 2
9 1
14 7
15 6
14 13
15 13
1 10
9 14
4 5
12 10
13 14
8 3
12 15
7 2
15 12
12 6
13 7
13 10
15 8
14 8
13 6
12 5
13 5
13 4
14 5
12 4
14 4
14 3
13 3
12 2
12 3
13 11
14 12
14 11
15 4
12 14
15 7
4 8
14 15
13 15
14 14
9 3
10 2
10 3
15 2
15 3
11 4
11 2
13 2
14 1
10 15
11 15
15 14
2 7
4 15
14 2
6 15
7 15
5 14
10 7
6 14
7 14
13 1
15 9
8 15
7 1
8 1
10 1
2 3
15 10
13 12
2 2
3 2
3 7
11 1
1 15
14 6
4 2
15 5
1 6
3 1
15 1
15 11
1 5
1 4
1 3
15 15
1 2
1 7
5 1
1 9
2 1
10 4
11 3
9 2
1 8
